-7.621125405421480536e-05
-1.219963378389365971e-04
-3.078903304412961006e-03
7.833197596482932568e-04
9.834413649514317513e-04
5.533460900187492371e-02
2.632600953802466393e-03
5.057168658822774887e-03
-5.430477322079241276e-04
-6.917585269547998905e-04
-5.204274202696979046e-04
1.361145055852830410e-03
-1.547510328236967325e-04
9.031628142111003399e-04
5.687589291483163834e-04
3.513038856908679008e-03
2.244001079816371202e-04
2.327540889382362366e-03
1.493594516068696976e-02
1.280491426587104797e-02
9.438472334295511246e-04
8.880887180566787720e-04
-1.523688621819019318e-02
1.115764770656824112e-02
2.714788317680358887e-01
1.080850325524806976e-02
2.434899955987930298e-01
-1.023308746516704559e-02
-4.602232202887535095e-02
-5.210904777050018311e-02
-4.792093113064765930e-02
6.243753433227539062e-01
-2.450785785913467407e-02
-5.176892038434743881e-03
-7.193917408585548401e-03
-1.492678746581077576e-02
-7.038533221930265427e-03
1.742375791072845459e-01
-2.284348011016845703e-02
-6.213371828198432922e-02
-4.611061513423919678e-02
2.919046208262443542e-02
-1.305726170539855957e-02
-6.813995540142059326e-02
-5.954432487487792969e-02
-6.422554701566696167e-02
-5.786647647619247437e-02
-3.498598560690879822e-02
-3.428079187870025635e-02
-1.709863916039466858e-02
-1.654322631657123566e-02
