-3.780167753575369716e-05
-2.379956276854500175e-05
1.251686189789324999e-04
-9.198020052281208336e-06
1.383672315569128841e-05
-1.960623823106288910e-02
-1.543443213449791074e-04
-5.784732275060378015e-05
-2.149349165847525001e-04
-2.061763079836964607e-04
3.135773877147585154e-04
3.534431380103342235e-05
2.734820300247520208e-04
1.088726348825730383e-04
1.180200022645294666e-03
7.374141714535653591e-04
7.368220249190926552e-04
4.244514566380530596e-04
6.480220705270767212e-03
6.763349752873182297e-03
3.937716246582567692e-04
4.043326480314135551e-04
-4.184877872467041016e-02
-9.497648570686578751e-04
4.825367033481597900e-01
-1.173228258267045021e-03
-2.143592946231365204e-02
-1.584846526384353638e-02
-1.048599649220705032e-02
-3.430769313126802444e-03
-2.525821560993790627e-03
2.023666165769100189e-02
-6.653989199548959732e-03
4.539358243346214294e-02
4.488711059093475342e-02
-7.054048031568527222e-02
-7.193734496831893921e-02
-4.005365073680877686e-02
-6.111012771725654602e-03
-2.556109987199306488e-02
1.795003190636634827e-02
-4.934752359986305237e-02
-9.397291578352451324e-03
-2.717434242367744446e-02
-2.883122675120830536e-02
-2.435450069606304169e-02
-2.472869120538234711e-02
2.895366400480270386e-03
3.592170542106032372e-03
2.958692784886807203e-04
2.058165555354207754e-04
