4.317218263167887926e-04
4.365192144177854061e-04
-1.501111662946641445e-03
-6.557693122886121273e-04
-5.921851843595504761e-04
-1.263749133795499802e-02
-1.496237795799970627e-02
-1.431026682257652283e-02
-8.232463005697354674e-05
-8.683478517923504114e-05
1.293274399358779192e-04
-1.963225658982992172e-04
5.228229565545916557e-04
3.262984100729227066e-04
2.126573817804455757e-03
1.591149251908063889e-03
1.112113473936915398e-03
7.396399159915745258e-04
1.836381107568740845e-02
1.851827092468738556e-02
9.160413173958659172e-04
9.232597658410668373e-04
-5.588493496179580688e-02
1.410195603966712952e-02
6.276555061340332031e-01
1.366794388741254807e-02
1.978324800729751587e-01
-2.814660780131816864e-02
-2.170166559517383575e-02
-1.188073027878999710e-02
-9.563297033309936523e-03
1.179039180278778076e-01
2.550662122666835785e-02
6.757513619959354401e-03
5.932907108217477798e-03
-3.749595955014228821e-02
-3.969187289476394653e-02
2.218871116638183594e-01
2.631188556551933289e-02
9.710765630006790161e-02
-2.696822583675384521e-02
4.990095272660255432e-02
-4.024183726869523525e-04
-5.994029715657234192e-02
-6.160772591829299927e-02
-1.040118560194969177e-01
-1.029556319117546082e-01
-3.212201409041881561e-03
-2.157229930162429810e-03
-1.227854657918214798e-02
-1.222760789096355438e-02
