-4.017145372927188873e-03
-3.952568862587213516e-03
2.991271903738379478e-03
1.507187914103269577e-02
1.462471950799226761e-02
3.323632106184959412e-02
2.122780233621597290e-01
2.069838941097259521e-01
-1.004108227789402008e-03
-6.714602932333946228e-04
4.371100105345249176e-03
9.461879963055253029e-04
-3.104241099208593369e-03
-5.046430509537458420e-03
-6.112905684858560562e-03
-1.157300639897584915e-02
9.357029193779453635e-05
-3.787820925936102867e-03
-1.424316316843032837e-03
2.232048893347382545e-03
2.024709712713956833e-03
2.102555939927697182e-03
-1.969883590936660767e-02
6.420938670635223389e-02
3.593124747276306152e-01
6.566974520683288574e-02
-1.282412856817245483e-01
6.005132198333740234e-02
1.264636963605880737e-01
-3.058950006961822510e-01
-3.154359459877014160e-01
-8.242897689342498779e-02
-2.260753065347671509e-01
1.447277516126632690e-01
1.424793303012847900e-01
2.487597763538360596e-01
2.299278676509857178e-01
-1.656424552202224731e-01
-2.288524955511093140e-01
-1.017527729272842407e-01
1.181045360863208771e-02
-7.466004788875579834e-02
1.368062198162078857e-01
2.263056188821792603e-01
2.113611549139022827e-01
8.724956959486007690e-02
6.931702047586441040e-02
8.324820548295974731e-02
7.870934158563613892e-02
4.349799826741218567e-02
4.281387478113174438e-02
