4.830794296140084043e-06
1.215890642924932763e-05
-3.614946966990828514e-03
4.088074900209903717e-03
2.809521276503801346e-03
-4.319568723440170288e-02
5.886276066303253174e-02
4.624419286847114563e-02
-3.090087790042161942e-03
-2.742841606959700584e-03
2.830073982477188110e-02
2.914749085903167725e-02
1.561919599771499634e-02
1.631037145853042603e-02
4.420161992311477661e-02
4.572797939181327820e-02
3.173188120126724243e-02
3.268507495522499084e-02
-3.668276593089103699e-02
-3.737756609916687012e-02
-5.984989693388342857e-04
-7.849498651921749115e-04
2.774188481271266937e-02
2.725720964372158051e-02
1.452857907861471176e-02
3.214344009757041931e-02
-2.140818685293197632e-01
4.602678418159484863e-01
4.429941773414611816e-01
-4.352325201034545898e-02
-7.480415701866149902e-02
2.035298570990562439e-02
5.547314509749412537e-02
8.481924235820770264e-02
5.456780642271041870e-02
2.435833960771560669e-01
2.414553463459014893e-01
-4.815427586436271667e-02
4.273710027337074280e-02
7.475343346595764160e-02
6.817233562469482422e-02
-3.506980463862419128e-02
1.684004068374633789e-01
1.127470731735229492e-01
1.322828978300094604e-01
3.524037078022956848e-02
2.146767219528555870e-03
8.718045800924301147e-02
7.190828025341033936e-02
-2.837662212550640106e-02
-2.996633574366569519e-02
